10 10
0 1 1 1 1 1 1 1 1 1
180 253 157 73 1 -59 -107 -143 -167 -179
180 157 1 -107 -167 -179 -143 -59 73 253
180 73 -107 -179 -143 1 253 157 -59 -167
180 1 -167 -143 73 253 -59 -179 -107 157
180 -59 -179 1 253 -107 -167 73 157 -143
180 -107 -143 253 -59 -167 157 1 -179 73
180 -143 -59 157 -179 73 1 -167 253 -107
180 -167 73 -59 -107 157 -179 253 -143 1
180 -179 253 -167 157 -143 73 -107 1 -59
