17 17
1 2 2 2 2 2 2 2 2 2 2 2 2 2 2 2 1
1 -1 2 -1 2 -1 2 -1 2 -1 2 -1 2 -1 2 -1 1
4 -1 -4 -1 8 -1 -4 -1 8 -1 -4 -1 8 -1 -4 -1 4
16 11 -4 -13 -16 -13 -4 11 32 11 -4 -13 -16 -13 -4 11 16
16 -13 -4 11 -16 11 -4 -13 32 -13 -4 11 -16 11 -4 -13 16
64 83 44 11 -16 -37 -52 -61 -64 -61 -52 -37 -16 11 44 83 64
64 11 -52 -61 -16 83 44 -37 -64 -37 44 83 -16 -61 -52 11 64
64 -37 -52 83 -16 -61 44 11 -64 11 44 -61 -16 83 -52 -37 64
64 -61 44 -37 -16 11 -52 83 -64 83 -52 11 -16 -37 44 -61 64
256 419 332 251 176 107 44 -13 -64 -109 -148 -181 -208 -229 -244 -253 -128
256 251 44 -109 -208 -253 -244 -181 -64 107 332 419 176 -13 -148 -229 -128
256 107 -148 -253 -208 -13 332 251 -64 -229 -244 -109 176 419 44 -181 -128
256 -13 -244 -181 176 251 -148 -253 -64 419 44 -229 -208 107 332 -109 -128
256 -109 -244 107 176 -229 -148 419 -64 -253 44 251 -208 -181 332 -13 -128
256 -181 -148 419 -208 -109 332 -229 -64 251 -244 -13 176 -253 44 107 -128
256 -229 44 -13 -208 419 -244 107 -64 -181 332 -253 176 -109 -148 251 -128
256 -253 332 -229 176 -181 44 -109 -64 -13 -148 107 -208 251 -244 419 -128
